86
701
2186
2208
2275
2283
2534
8036
9709
9776
10464
10499
10502
11738
12505
12513
12556
15245
15369
15644
19283
20516
22942
25747
26921
26964
27022
27049
86673
105317
181927
196231
250139
265500
301337
310921
409642
417424
509620
806285
917001
951021
2001063
2001500
2001578
2001586
2005417
2006448
2012677
2016141
2016893
2018136
2018403
2019566
2040069
2053241
2054558
2074257
2078139
2078414
2079321
2079348
2079836
2080400
2080443
2081164
2081202
2082861
2084414
2084937
2096412
2099152
2100754
2101777
2105365
2115662
2117312
2118092
2118513
2119471
2121514
2125943
2126494
2135108
2135132
2139049
2140098
2140217
2144530
2159279
2167727
2184834
2191512
2192896
2193183
2193310
2201542
2206064
2208172
2211254
2218690
2227665
2227762
2228602
2232073
2232081
2232154
2232162
2239248
2244306
2246910
2248298
2252694
2253046
2254611
2257564
2257815
2260069
2267209
2269899
2272040
2272784
2273748
2275562
2275597
2278286
2278855
2280396
2283395
2284634
2287919
2287927
2288494
2288893
2290227
2292912
2298317
2312050
2319659
2328046
2328380
2328402
2328992
2330830
2332671
2332981
2333031
2334321
2351471
2365154
2371243
2372967
2375850
2381990
2382466
2383209
2384299
2390833
2391635
2392046
2392410
2395037
2395428
2398125
2399318
2402076
2410443
2410486
2410508
2413922
2426315
2426579
2427125
2432307
2436450
2436469
2436477
2448521
2452952
2458055
2459647
2460106
2463016
2464594
2471086
2473577
2482339
2495228
2495279
2496046
2496534
2497654
2504332
2521792
2522691
2529068
2529475
2530236
2534339
2534460
2543044
2547821
2550792
2550938
2555646
2558610
2560771
2561379
2561395
2561417
2561433
2562200
2563681
2564211
2564238
2568713
2577763
2578670
2587335
2589915
2600536
2601680
2604426
2604434
2611686
2615797
2619717
2621614
2636018
2651351
2659417
2672839
2678403
2678667
2687127
2691841
2691868
2693976
2696940
2697696
2699842
2707527
2707675
2707918
2710935
2738368
2743469
2752700
2756951
2758164
2758245
2760924
2760991
2761203
2761254
2772280
2772299
2775980
2777312
2777746
2777754
2781859
2785900
2786435
2789647
2795655
2796449
2798484
2798662
2806215
2808609
2858185
2882663
2964465
3002187
3012212
3017745
3054527
3132358
3153274
3210243
3314766
3316300
3397874
3437396
3515168
3883582
3970442
4005775
4009444
4009622
4010868
4013441
4022718
4034236
4044916
4057864
4062000
4070070
4241762
4578732
4586298
4730224
4963938
4980387
5200105
5336171
5372690
5384117
5412447
5498465
5529212
5633133
5661757
5709547
5817803
5878640
5903394
5922216
5978785
6048692
6085423
6257267
6424341
6426190
6542638
6568343
6632513
6683134
6697054
6778550
6778798
6786928
6827756
6848710
6853781
7010028
7042671
7047428
7051123
7061021
7088302
7218656
7262698
7322879
7354606
7376928
7386257
7403224
7431325
7459750
7469683
7561997
7714408
7768400
7958838
7993412
9077413
9156836
9158251
9336508
9580816
9667407
9672427
9681752
9685871
9841903
9864628
9923837
9939938